R: 0.809665 < 0.854497 < 0.892937
Rsqrt: 0.655558 < 0.730842 < 0.797336
mue: 4.475831 < 4.748086 < 5.043125
