R: 0.834829 < 0.841355 < 0.848278
Rsqrt: 0.696940 < 0.707895 < 0.719575
mue: 5.335157 < 5.406057 < 5.478178
