R: 0.281862 < 0.292750 < 0.303726
Rsqrt: 0.079446 < 0.085747 < 0.092250
mue: 11.654707 < 11.795455 < 11.948307
