R: 0.759702 < 0.801442 < 0.840603
Rsqrt: 0.577147 < 0.642949 < 0.706613
mue: 4.856965 < 5.106508 < 5.361140
