R: 0.774055 < 0.817654 < 0.862518
Rsqrt: 0.599161 < 0.669292 < 0.743937
mue: 4.433877 < 4.698088 < 4.964491
