R: 0.624585 < 0.644878 < 0.666156
Rsqrt: 0.390106 < 0.416022 < 0.443764
mue: 7.891066 < 8.142312 < 8.394547
